Begin PolyList
   Begin Polygon Texture=Bad Flags=1073741824 Link=0
      Origin   +01216.000000,-01280.000000,-01536.000000
      Normal   +00000.000000,+00000.000000,-00001.000000
      TextureU +00000.936329,+00000.351123,+00000.000000
      TextureV -00000.351123,+00000.936329,+00000.000000
      Vertex   +01376.000000,-01280.000000,-01536.000000
      Vertex   +01472.000000,-01536.000000,-01536.000000
      Vertex   +01216.000000,-01536.000000,-01536.000000
      Vertex   +01120.000000,-01280.000000,-01536.000000
   End Polygon
   Begin Polygon Item=sky Texture=DefaultTexture Flags=1073741824 Link=1
      Origin   -02048.000000,+00000.000000,-01536.000000
      Normal   -00001.000000,+00000.000000,+00000.000000
      TextureU +00000.000000,+00000.948683,+00000.316228
      TextureV +00000.000000,+00000.316228,-00000.948683
      Vertex   -02048.000000,+00000.000000,-01536.000000
      Vertex   -02048.000000,-01024.000000,+01536.000000
      Vertex   -02048.000000,+00000.000000,+01536.000000
   End Polygon
   Begin Polygon Item=sky Texture=DefaultTexture Flags=1073741824 Link=2
      Origin   -01024.000000,-02048.000000,+01536.000000
      Normal   +00000.000000,+00000.000000,+00001.000000
      TextureU -00000.707107,-00000.707107,+00000.000000
      TextureV +00000.707107,-00000.707107,+00000.000000
      Vertex   -01024.000000,-02048.000000,+01536.000000
      Vertex   -02048.000000,-01024.000000,+01536.000000
      Vertex   -02048.000000,-02048.000000,+01536.000000
   End Polygon
   Begin Polygon Item=Wall Texture=DefaultTexture Flags=1073741824 Link=3
      Origin   -02048.000000,-02048.000000,-01536.000000
      Normal   +00000.000000,-00001.000000,+00000.000000
      TextureU +00000.000000,+00000.000000,+00001.000000
      TextureV -00001.000000,+00000.000000,+00000.000000
      Vertex   -02048.000000,-02048.000000,-01536.000000
      Vertex   -01024.000000,-02048.000000,-01536.000000
      Vertex   -01024.000000,-02048.000000,+01536.000000
   End Polygon
   Begin Polygon Item=Wall Texture=DefaultTexture Flags=1073741824 Link=4
      Origin   +02048.000000,-02048.000000,-01536.000000
      Normal   +00001.000000,+00000.000000,+00000.000000
      TextureU +00000.000000,+00000.000000,+00001.000000
      TextureV +00000.000000,-00001.000000,+00000.000000
      Vertex   +02048.000000,-02048.000000,-01536.000000
      Vertex   +02048.000000,-01024.000000,-01536.000000
      Vertex   +02048.000000,-01024.000000,+01536.000000
   End Polygon
   Begin Polygon Item=sky Texture=DefaultTexture Flags=1073741824 Link=5
      Origin   -02048.000000,+02048.000000,-01536.000000
      Normal   +00000.000000,+00001.000000,+00000.000000
      TextureU +00001.000000,+00000.000000,+00000.000000
      TextureV +00000.000000,+00000.000000,-00001.000000
      Vertex   -02048.000000,+02048.000000,-01536.000000
      Vertex   -02048.000000,+02048.000000,+01536.000000
      Vertex   -01024.000000,+02048.000000,-01536.000000
   End Polygon
   Begin Polygon Item=sky Texture=DefaultTexture Flags=1073741824 Link=6
      Origin   -01024.000000,+02048.000000,-01536.000000
      Normal   +00000.000000,+00001.000000,+00000.000000
      TextureU +00000.948683,+00000.000000,+00000.316228
      TextureV +00000.316228,+00000.000000,-00000.948683
      Vertex   -01024.000000,+02048.000000,-01536.000000
      Vertex   -02048.000000,+02048.000000,+01536.000000
      Vertex   -01024.000000,+02048.000000,+01536.000000
   End Polygon
   Begin Polygon Item=sky Texture=DefaultTexture Flags=1073741824 Link=7
      Origin   -01024.000000,+02048.000000,-01536.000000
      Normal   +00000.000000,+00001.000000,+00000.000000
      TextureU +00001.000000,+00000.000000,+00000.000000
      TextureV +00000.000000,+00000.000000,-00001.000000
      Vertex   -01024.000000,+02048.000000,-01536.000000
      Vertex   -01024.000000,+02048.000000,+01536.000000
      Vertex   +00000.000000,+02048.000000,-01536.000000
   End Polygon
   Begin Polygon Item=sky Texture=DefaultTexture Flags=1073741824 Link=8
      Origin   +00000.000000,+02048.000000,-01536.000000
      Normal   +00000.000000,+00001.000000,+00000.000000
      TextureU +00000.948683,+00000.000000,+00000.316228
      TextureV +00000.316228,+00000.000000,-00000.948683
      Vertex   +00000.000000,+02048.000000,-01536.000000
      Vertex   -01024.000000,+02048.000000,+01536.000000
      Vertex   +00000.000000,+02048.000000,+01536.000000
   End Polygon
   Begin Polygon Item=sky Texture=DefaultTexture Flags=1073741824 Link=9
      Origin   +00000.000000,+02048.000000,-01536.000000
      Normal   +00000.000000,+00001.000000,+00000.000000
      TextureU +00001.000000,+00000.000000,+00000.000000
      TextureV +00000.000000,+00000.000000,-00001.000000
      Vertex   +00000.000000,+02048.000000,-01536.000000
      Vertex   +00000.000000,+02048.000000,+01536.000000
      Vertex   +01024.000000,+02048.000000,-01536.000000
   End Polygon
   Begin Polygon Item=sky Texture=DefaultTexture Flags=1073741824 Link=10
      Origin   +01024.000000,+02048.000000,-01536.000000
      Normal   +00000.000000,+00001.000000,+00000.000000
      TextureU +00000.948683,+00000.000000,+00000.316228
      TextureV +00000.316228,+00000.000000,-00000.948683
      Vertex   +01024.000000,+02048.000000,-01536.000000
      Vertex   +00000.000000,+02048.000000,+01536.000000
      Vertex   +01024.000000,+02048.000000,+01536.000000
   End Polygon
   Begin Polygon Item=sky Texture=DefaultTexture Flags=1073741824 Link=11
      Origin   +01024.000000,+02048.000000,-01536.000000
      Normal   +00000.000000,+00001.000000,+00000.000000
      TextureU +00001.000000,+00000.000000,+00000.000000
      TextureV +00000.000000,+00000.000000,-00001.000000
      Vertex   +01024.000000,+02048.000000,-01536.000000
      Vertex   +01024.000000,+02048.000000,+01536.000000
      Vertex   +02048.000000,+02048.000000,-01536.000000
   End Polygon
   Begin Polygon Item=sky Texture=DefaultTexture Flags=1073741824 Link=12
      Origin   +02048.000000,+02048.000000,-01536.000000
      Normal   +00000.000000,+00001.000000,+00000.000000
      TextureU +00000.948683,+00000.000000,+00000.316228
      TextureV +00000.316228,+00000.000000,-00000.948683
      Vertex   +02048.000000,+02048.000000,-01536.000000
      Vertex   +01024.000000,+02048.000000,+01536.000000
      Vertex   +02048.000000,+02048.000000,+01536.000000
   End Polygon
   Begin Polygon Item=Wall Texture=DefaultTexture Flags=1073741824 Link=13
      Origin   +02048.000000,-02048.000000,-01536.000000
      Normal   +00001.000000,+00000.000000,+00000.000000
      TextureU +00000.000000,-00000.948683,+00000.316228
      TextureV +00000.000000,-00000.316228,-00000.948683
      Vertex   +02048.000000,-02048.000000,-01536.000000
      Vertex   +02048.000000,-01024.000000,+01536.000000
      Vertex   +02048.000000,-02048.000000,+01536.000000
   End Polygon
   Begin Polygon Item=Wall Texture=DefaultTexture Flags=1073741824 Link=14
      Origin   +02048.000000,-01024.000000,-01536.000000
      Normal   +00001.000000,+00000.000000,+00000.000000
      TextureU +00000.000000,+00000.000000,+00001.000000
      TextureV +00000.000000,-00001.000000,+00000.000000
      Vertex   +02048.000000,-01024.000000,-01536.000000
      Vertex   +02048.000000,+00000.000000,-01536.000000
      Vertex   +02048.000000,+00000.000000,+01536.000000
   End Polygon
   Begin Polygon Item=Wall Texture=DefaultTexture Flags=1073741824 Link=15
      Origin   +02048.000000,-01024.000000,-01536.000000
      Normal   +00001.000000,+00000.000000,+00000.000000
      TextureU +00000.000000,-00000.948683,+00000.316228
      TextureV +00000.000000,-00000.316228,-00000.948683
      Vertex   +02048.000000,-01024.000000,-01536.000000
      Vertex   +02048.000000,+00000.000000,+01536.000000
      Vertex   +02048.000000,-01024.000000,+01536.000000
   End Polygon
   Begin Polygon Item=Wall Texture=DefaultTexture Flags=1073741824 Link=16
      Origin   +02048.000000,+00000.000000,-01536.000000
      Normal   +00001.000000,+00000.000000,+00000.000000
      TextureU +00000.000000,+00000.000000,+00001.000000
      TextureV +00000.000000,-00001.000000,+00000.000000
      Vertex   +02048.000000,+00000.000000,-01536.000000
      Vertex   +02048.000000,+01024.000000,-01536.000000
      Vertex   +02048.000000,+01024.000000,+01536.000000
   End Polygon
   Begin Polygon Item=Wall Texture=DefaultTexture Flags=1073741824 Link=17
      Origin   +02048.000000,+00000.000000,-01536.000000
      Normal   +00001.000000,+00000.000000,+00000.000000
      TextureU +00000.000000,-00000.948683,+00000.316228
      TextureV +00000.000000,-00000.316228,-00000.948683
      Vertex   +02048.000000,+00000.000000,-01536.000000
      Vertex   +02048.000000,+01024.000000,+01536.000000
      Vertex   +02048.000000,+00000.000000,+01536.000000
   End Polygon
   Begin Polygon Item=Wall Texture=DefaultTexture Flags=1073741824 Link=18
      Origin   +02048.000000,+01024.000000,-01536.000000
      Normal   +00001.000000,+00000.000000,+00000.000000
      TextureU +00000.000000,+00000.000000,+00001.000000
      TextureV +00000.000000,-00001.000000,+00000.000000
      Vertex   +02048.000000,+01024.000000,-01536.000000
      Vertex   +02048.000000,+02048.000000,-01536.000000
      Vertex   +02048.000000,+02048.000000,+01536.000000
   End Polygon
   Begin Polygon Item=Wall Texture=DefaultTexture Flags=1073741824 Link=19
      Origin   +02048.000000,+01024.000000,-01536.000000
      Normal   +00001.000000,+00000.000000,+00000.000000
      TextureU +00000.000000,-00000.948683,+00000.316228
      TextureV +00000.000000,-00000.316228,-00000.948683
      Vertex   +02048.000000,+01024.000000,-01536.000000
      Vertex   +02048.000000,+02048.000000,+01536.000000
      Vertex   +02048.000000,+01024.000000,+01536.000000
   End Polygon
   Begin Polygon Item=Wall Texture=DefaultTexture Flags=1073741824 Link=20
      Origin   -02048.000000,-02048.000000,-01536.000000
      Normal   +00000.000000,-00001.000000,+00000.000000
      TextureU -00000.948683,+00000.000000,+00000.316228
      TextureV -00000.316228,+00000.000000,-00000.948683
      Vertex   -02048.000000,-02048.000000,-01536.000000
      Vertex   -01024.000000,-02048.000000,+01536.000000
      Vertex   -02048.000000,-02048.000000,+01536.000000
   End Polygon
   Begin Polygon Item=Wall Texture=DefaultTexture Flags=1073741824 Link=21
      Origin   -01024.000000,-02048.000000,-01536.000000
      Normal   +00000.000000,-00001.000000,+00000.000000
      TextureU +00000.000000,+00000.000000,+00001.000000
      TextureV -00001.000000,+00000.000000,+00000.000000
      Vertex   -01024.000000,-02048.000000,-01536.000000
      Vertex   +00000.000000,-02048.000000,-01536.000000
      Vertex   +00000.000000,-02048.000000,+01536.000000
   End Polygon
   Begin Polygon Item=Wall Texture=DefaultTexture Flags=1073741824 Link=22
      Origin   -01024.000000,-02048.000000,-01536.000000
      Normal   +00000.000000,-00001.000000,+00000.000000
      TextureU -00000.948683,+00000.000000,+00000.316228
      TextureV -00000.316228,+00000.000000,-00000.948683
      Vertex   -01024.000000,-02048.000000,-01536.000000
      Vertex   +00000.000000,-02048.000000,+01536.000000
      Vertex   -01024.000000,-02048.000000,+01536.000000
   End Polygon
   Begin Polygon Item=Wall Texture=DefaultTexture Flags=1073741824 Link=23
      Origin   +00000.000000,-02048.000000,-01536.000000
      Normal   +00000.000000,-00001.000000,+00000.000000
      TextureU +00000.000000,+00000.000000,+00001.000000
      TextureV -00001.000000,+00000.000000,+00000.000000
      Vertex   +00000.000000,-02048.000000,-01536.000000
      Vertex   +01024.000000,-02048.000000,-01536.000000
      Vertex   +01024.000000,-02048.000000,+01536.000000
   End Polygon
   Begin Polygon Item=Wall Texture=DefaultTexture Flags=1073741824 Link=24
      Origin   +00000.000000,-02048.000000,-01536.000000
      Normal   +00000.000000,-00001.000000,+00000.000000
      TextureU -00000.948683,+00000.000000,+00000.316228
      TextureV -00000.316228,+00000.000000,-00000.948683
      Vertex   +00000.000000,-02048.000000,-01536.000000
      Vertex   +01024.000000,-02048.000000,+01536.000000
      Vertex   +00000.000000,-02048.000000,+01536.000000
   End Polygon
   Begin Polygon Texture=Bad Flags=1073741824 Link=25
      Origin   +01280.000000,-02048.000000,-01536.000000
      Normal   +00000.000000,-00001.000000,+00000.000000
      TextureU +00000.996546,+00000.000000,+00000.083045
      TextureV +00000.083045,+00000.000000,-00000.996546
      Vertex   +01536.000000,-02048.000000,-01536.000000
      Vertex   +01024.000000,-02048.000000,+01536.000000
      Vertex   +01280.000000,-02048.000000,-01536.000000
   End Polygon
   Begin Polygon Texture=Bad Flags=1073741824 Link=26
      Origin   +01280.000000,-02048.000000,-01536.000000
      Normal   +00000.000000,-00001.000000,+00000.000000
      TextureU +00001.000000,+00000.000000,+00000.000000
      TextureV +00000.000000,+00000.000000,-00001.000000
      Vertex   +01280.000000,-02048.000000,-01536.000000
      Vertex   +01024.000000,-02048.000000,+01536.000000
      Vertex   +01024.000000,-02048.000000,-01536.000000
   End Polygon
   Begin Polygon Texture=Bad Flags=1073741824 Link=27
      Origin   +01792.000000,-02048.000000,-01536.000000
      Normal   +00000.000000,-00001.000000,+00000.000000
      TextureU +00000.986394,+00000.000000,+00000.164399
      TextureV +00000.164399,+00000.000000,-00000.986394
      Vertex   +01792.000000,-02048.000000,-01536.000000
      Vertex   +01024.000000,-02048.000000,+01536.000000
      Vertex   +01536.000000,-02048.000000,-01536.000000
   End Polygon
   Begin Polygon Texture=Bad Flags=1073741824 Link=28
      Origin   +01792.000000,-02048.000000,-01536.000000
      Normal   +00000.000000,-00001.000000,+00000.000000
      TextureU +00000.970142,+00000.000000,+00000.242536
      TextureV +00000.242536,+00000.000000,-00000.970142
      Vertex   +02048.000000,-02048.000000,-01536.000000
      Vertex   +01024.000000,-02048.000000,+01536.000000
      Vertex   +01792.000000,-02048.000000,-01536.000000
   End Polygon
   Begin Polygon Texture=Bad Flags=1073741824 Link=29
      Origin   +02048.000000,-02048.000000,+01024.000000
      Normal   +00000.000000,-00001.000000,+00000.000000
      TextureU +00000.948683,+00000.000000,+00000.316228
      TextureV +00000.316228,+00000.000000,-00000.948683
      Vertex   +02048.000000,-02048.000000,+01536.000000
      Vertex   +01024.000000,-02048.000000,+01536.000000
      Vertex   +02048.000000,-02048.000000,-01536.000000
   End Polygon
   Begin Polygon Item=sky Texture=DefaultTexture Flags=1073741824 Link=30
      Origin   -01024.000000,-01024.000000,+01536.000000
      Normal   +00000.000000,+00000.000000,+00001.000000
      TextureU +00000.000000,-00001.000000,+00000.000000
      TextureV +00001.000000,+00000.000000,+00000.000000
      Vertex   -01024.000000,-01024.000000,+01536.000000
      Vertex   -02048.000000,-01024.000000,+01536.000000
      Vertex   -01024.000000,-02048.000000,+01536.000000
   End Polygon
   Begin Polygon Item=sky Texture=DefaultTexture Flags=1073741824 Link=31
      Origin   -01024.000000,-01024.000000,+01536.000000
      Normal   +00000.000000,+00000.000000,+00001.000000
      TextureU -00000.707107,-00000.707107,+00000.000000
      TextureV +00000.707107,-00000.707107,+00000.000000
      Vertex   -01024.000000,-01024.000000,+01536.000000
      Vertex   -02048.000000,+00000.000000,+01536.000000
      Vertex   -02048.000000,-01024.000000,+01536.000000
   End Polygon
   Begin Polygon Item=sky Texture=DefaultTexture Flags=1073741824 Link=32
      Origin   -01024.000000,+00000.000000,+01536.000000
      Normal   +00000.000000,+00000.000000,+00001.000000
      TextureU +00000.000000,-00001.000000,+00000.000000
      TextureV +00001.000000,+00000.000000,+00000.000000
      Vertex   -01024.000000,+00000.000000,+01536.000000
      Vertex   -02048.000000,+00000.000000,+01536.000000
      Vertex   -01024.000000,-01024.000000,+01536.000000
   End Polygon
   Begin Polygon Item=sky Texture=DefaultTexture Flags=1073741824 Link=33
      Origin   -01024.000000,+00000.000000,+01536.000000
      Normal   +00000.000000,+00000.000000,+00001.000000
      TextureU -00000.707107,-00000.707107,+00000.000000
      TextureV +00000.707107,-00000.707107,+00000.000000
      Vertex   -01024.000000,+00000.000000,+01536.000000
      Vertex   -02048.000000,+01024.000000,+01536.000000
      Vertex   -02048.000000,+00000.000000,+01536.000000
   End Polygon
   Begin Polygon Item=sky Texture=DefaultTexture Flags=1073741824 Link=34
      Origin   -01024.000000,+01024.000000,+01536.000000
      Normal   +00000.000000,+00000.000000,+00001.000000
      TextureU +00000.000000,-00001.000000,+00000.000000
      TextureV +00001.000000,+00000.000000,+00000.000000
      Vertex   -01024.000000,+01024.000000,+01536.000000
      Vertex   -02048.000000,+01024.000000,+01536.000000
      Vertex   -01024.000000,+00000.000000,+01536.000000
   End Polygon
   Begin Polygon Item=sky Texture=DefaultTexture Flags=1073741824 Link=35
      Origin   -01024.000000,+01024.000000,+01536.000000
      Normal   +00000.000000,+00000.000000,+00001.000000
      TextureU -00000.707107,-00000.707107,+00000.000000
      TextureV +00000.707107,-00000.707107,+00000.000000
      Vertex   -01024.000000,+01024.000000,+01536.000000
      Vertex   -02048.000000,+02048.000000,+01536.000000
      Vertex   -02048.000000,+01024.000000,+01536.000000
   End Polygon
   Begin Polygon Item=sky Texture=DefaultTexture Flags=1073741824 Link=36
      Origin   -01024.000000,+02048.000000,+01536.000000
      Normal   +00000.000000,+00000.000000,+00001.000000
      TextureU +00000.000000,-00001.000000,+00000.000000
      TextureV +00001.000000,+00000.000000,+00000.000000
      Vertex   -01024.000000,+02048.000000,+01536.000000
      Vertex   -02048.000000,+02048.000000,+01536.000000
      Vertex   -01024.000000,+01024.000000,+01536.000000
   End Polygon
   Begin Polygon Item=sky Texture=DefaultTexture Flags=1073741824 Link=37
      Origin   +00000.000000,-02048.000000,+01536.000000
      Normal   +00000.000000,+00000.000000,+00001.000000
      TextureU -00000.707107,-00000.707107,+00000.000000
      TextureV +00000.707107,-00000.707107,+00000.000000
      Vertex   +00000.000000,-02048.000000,+01536.000000
      Vertex   -01024.000000,-01024.000000,+01536.000000
      Vertex   -01024.000000,-02048.000000,+01536.000000
   End Polygon
   Begin Polygon Item=sky Texture=DefaultTexture Flags=1073741824 Link=38
      Origin   +00000.000000,-01024.000000,+01536.000000
      Normal   +00000.000000,+00000.000000,+00001.000000
      TextureU +00000.000000,-00001.000000,+00000.000000
      TextureV +00001.000000,+00000.000000,+00000.000000
      Vertex   +00000.000000,-01024.000000,+01536.000000
      Vertex   -01024.000000,-01024.000000,+01536.000000
      Vertex   +00000.000000,-02048.000000,+01536.000000
   End Polygon
   Begin Polygon Item=sky Texture=DefaultTexture Flags=1073741824 Link=39
      Origin   +00000.000000,-01024.000000,+01536.000000
      Normal   +00000.000000,+00000.000000,+00001.000000
      TextureU -00000.707107,-00000.707107,+00000.000000
      TextureV +00000.707107,-00000.707107,+00000.000000
      Vertex   +00000.000000,-01024.000000,+01536.000000
      Vertex   -01024.000000,+00000.000000,+01536.000000
      Vertex   -01024.000000,-01024.000000,+01536.000000
   End Polygon
   Begin Polygon Item=sky Texture=DefaultTexture Flags=1073741824 Link=40
      Origin   +00000.000000,+00000.000000,+01536.000000
      Normal   +00000.000000,+00000.000000,+00001.000000
      TextureU +00000.000000,-00001.000000,+00000.000000
      TextureV +00001.000000,+00000.000000,+00000.000000
      Vertex   +00000.000000,+00000.000000,+01536.000000
      Vertex   -01024.000000,+00000.000000,+01536.000000
      Vertex   +00000.000000,-01024.000000,+01536.000000
   End Polygon
   Begin Polygon Item=sky Texture=DefaultTexture Flags=1073741824 Link=41
      Origin   +00000.000000,+00000.000000,+01536.000000
      Normal   +00000.000000,+00000.000000,+00001.000000
      TextureU -00000.707107,-00000.707107,+00000.000000
      TextureV +00000.707107,-00000.707107,+00000.000000
      Vertex   +00000.000000,+00000.000000,+01536.000000
      Vertex   -01024.000000,+01024.000000,+01536.000000
      Vertex   -01024.000000,+00000.000000,+01536.000000
   End Polygon
   Begin Polygon Item=sky Texture=DefaultTexture Flags=1073741824 Link=42
      Origin   +00000.000000,+01024.000000,+01536.000000
      Normal   +00000.000000,+00000.000000,+00001.000000
      TextureU +00000.000000,-00001.000000,+00000.000000
      TextureV +00001.000000,+00000.000000,+00000.000000
      Vertex   +00000.000000,+01024.000000,+01536.000000
      Vertex   -01024.000000,+01024.000000,+01536.000000
      Vertex   +00000.000000,+00000.000000,+01536.000000
   End Polygon
   Begin Polygon Item=sky Texture=DefaultTexture Flags=1073741824 Link=43
      Origin   +00000.000000,+01024.000000,+01536.000000
      Normal   +00000.000000,+00000.000000,+00001.000000
      TextureU -00000.707107,-00000.707107,+00000.000000
      TextureV +00000.707107,-00000.707107,+00000.000000
      Vertex   +00000.000000,+01024.000000,+01536.000000
      Vertex   -01024.000000,+02048.000000,+01536.000000
      Vertex   -01024.000000,+01024.000000,+01536.000000
   End Polygon
   Begin Polygon Item=sky Texture=DefaultTexture Flags=1073741824 Link=44
      Origin   +00000.000000,+02048.000000,+01536.000000
      Normal   +00000.000000,+00000.000000,+00001.000000
      TextureU +00000.000000,-00001.000000,+00000.000000
      TextureV +00001.000000,+00000.000000,+00000.000000
      Vertex   +00000.000000,+02048.000000,+01536.000000
      Vertex   -01024.000000,+02048.000000,+01536.000000
      Vertex   +00000.000000,+01024.000000,+01536.000000
   End Polygon
   Begin Polygon Item=sky Texture=DefaultTexture Flags=1073741824 Link=45
      Origin   +01024.000000,-02048.000000,+01536.000000
      Normal   +00000.000000,+00000.000000,+00001.000000
      TextureU -00000.707107,-00000.707107,+00000.000000
      TextureV +00000.707107,-00000.707107,+00000.000000
      Vertex   +01024.000000,-02048.000000,+01536.000000
      Vertex   +00000.000000,-01024.000000,+01536.000000
      Vertex   +00000.000000,-02048.000000,+01536.000000
   End Polygon
   Begin Polygon Item=sky Texture=DefaultTexture Flags=1073741824 Link=46
      Origin   +01024.000000,-01024.000000,+01536.000000
      Normal   +00000.000000,+00000.000000,+00001.000000
      TextureU +00000.000000,-00001.000000,+00000.000000
      TextureV +00001.000000,+00000.000000,+00000.000000
      Vertex   +01024.000000,-01024.000000,+01536.000000
      Vertex   +00000.000000,-01024.000000,+01536.000000
      Vertex   +01024.000000,-02048.000000,+01536.000000
   End Polygon
   Begin Polygon Item=sky Texture=DefaultTexture Flags=1073741824 Link=47
      Origin   +01024.000000,-01024.000000,+01536.000000
      Normal   +00000.000000,+00000.000000,+00001.000000
      TextureU -00000.707107,-00000.707107,+00000.000000
      TextureV +00000.707107,-00000.707107,+00000.000000
      Vertex   +01024.000000,-01024.000000,+01536.000000
      Vertex   +00000.000000,+00000.000000,+01536.000000
      Vertex   +00000.000000,-01024.000000,+01536.000000
   End Polygon
   Begin Polygon Item=sky Texture=DefaultTexture Flags=1073741824 Link=48
      Origin   +01024.000000,+00000.000000,+01536.000000
      Normal   +00000.000000,+00000.000000,+00001.000000
      TextureU +00000.000000,-00001.000000,+00000.000000
      TextureV +00001.000000,+00000.000000,+00000.000000
      Vertex   +01024.000000,+00000.000000,+01536.000000
      Vertex   +00000.000000,+00000.000000,+01536.000000
      Vertex   +01024.000000,-01024.000000,+01536.000000
   End Polygon
   Begin Polygon Item=sky Texture=DefaultTexture Flags=1073741824 Link=49
      Origin   +01024.000000,+00000.000000,+01536.000000
      Normal   +00000.000000,+00000.000000,+00001.000000
      TextureU -00000.707107,-00000.707107,+00000.000000
      TextureV +00000.707107,-00000.707107,+00000.000000
      Vertex   +01024.000000,+00000.000000,+01536.000000
      Vertex   +00000.000000,+01024.000000,+01536.000000
      Vertex   +00000.000000,+00000.000000,+01536.000000
   End Polygon
   Begin Polygon Item=sky Texture=DefaultTexture Flags=1073741824 Link=50
      Origin   +01024.000000,+01024.000000,+01536.000000
      Normal   +00000.000000,+00000.000000,+00001.000000
      TextureU +00000.000000,-00001.000000,+00000.000000
      TextureV +00001.000000,+00000.000000,+00000.000000
      Vertex   +01024.000000,+01024.000000,+01536.000000
      Vertex   +00000.000000,+01024.000000,+01536.000000
      Vertex   +01024.000000,+00000.000000,+01536.000000
   End Polygon
   Begin Polygon Item=sky Texture=DefaultTexture Flags=1073741824 Link=51
      Origin   +01024.000000,+01024.000000,+01536.000000
      Normal   +00000.000000,+00000.000000,+00001.000000
      TextureU -00000.707107,-00000.707107,+00000.000000
      TextureV +00000.707107,-00000.707107,+00000.000000
      Vertex   +01024.000000,+01024.000000,+01536.000000
      Vertex   +00000.000000,+02048.000000,+01536.000000
      Vertex   +00000.000000,+01024.000000,+01536.000000
   End Polygon
   Begin Polygon Item=sky Texture=DefaultTexture Flags=1073741824 Link=52
      Origin   +01024.000000,+02048.000000,+01536.000000
      Normal   +00000.000000,+00000.000000,+00001.000000
      TextureU +00000.000000,-00001.000000,+00000.000000
      TextureV +00001.000000,+00000.000000,+00000.000000
      Vertex   +01024.000000,+02048.000000,+01536.000000
      Vertex   +00000.000000,+02048.000000,+01536.000000
      Vertex   +01024.000000,+01024.000000,+01536.000000
   End Polygon
   Begin Polygon Item=sky Texture=DefaultTexture Flags=1073741824 Link=53
      Origin   +02048.000000,-02048.000000,+01536.000000
      Normal   +00000.000000,+00000.000000,+00001.000000
      TextureU -00000.707107,-00000.707107,+00000.000000
      TextureV +00000.707107,-00000.707107,+00000.000000
      Vertex   +02048.000000,-02048.000000,+01536.000000
      Vertex   +01024.000000,-01024.000000,+01536.000000
      Vertex   +01024.000000,-02048.000000,+01536.000000
   End Polygon
   Begin Polygon Item=sky Texture=DefaultTexture Flags=1073741824 Link=54
      Origin   +02048.000000,-01024.000000,+01536.000000
      Normal   +00000.000000,+00000.000000,+00001.000000
      TextureU +00000.000000,-00001.000000,+00000.000000
      TextureV +00001.000000,+00000.000000,+00000.000000
      Vertex   +02048.000000,-01024.000000,+01536.000000
      Vertex   +01024.000000,-01024.000000,+01536.000000
      Vertex   +02048.000000,-02048.000000,+01536.000000
   End Polygon
   Begin Polygon Item=sky Texture=DefaultTexture Flags=1073741824 Link=55
      Origin   +02048.000000,-01024.000000,+01536.000000
      Normal   +00000.000000,+00000.000000,+00001.000000
      TextureU -00000.707107,-00000.707107,+00000.000000
      TextureV +00000.707107,-00000.707107,+00000.000000
      Vertex   +02048.000000,-01024.000000,+01536.000000
      Vertex   +01024.000000,+00000.000000,+01536.000000
      Vertex   +01024.000000,-01024.000000,+01536.000000
   End Polygon
   Begin Polygon Item=sky Texture=DefaultTexture Flags=1073741824 Link=56
      Origin   +02048.000000,+00000.000000,+01536.000000
      Normal   +00000.000000,+00000.000000,+00001.000000
      TextureU +00000.000000,-00001.000000,+00000.000000
      TextureV +00001.000000,+00000.000000,+00000.000000
      Vertex   +02048.000000,+00000.000000,+01536.000000
      Vertex   +01024.000000,+00000.000000,+01536.000000
      Vertex   +02048.000000,-01024.000000,+01536.000000
   End Polygon
   Begin Polygon Item=sky Texture=DefaultTexture Flags=1073741824 Link=57
      Origin   +02048.000000,+00000.000000,+01536.000000
      Normal   +00000.000000,+00000.000000,+00001.000000
      TextureU -00000.707107,-00000.707107,+00000.000000
      TextureV +00000.707107,-00000.707107,+00000.000000
      Vertex   +02048.000000,+00000.000000,+01536.000000
      Vertex   +01024.000000,+01024.000000,+01536.000000
      Vertex   +01024.000000,+00000.000000,+01536.000000
   End Polygon
   Begin Polygon Item=sky Texture=DefaultTexture Flags=1073741824 Link=58
      Origin   +02048.000000,+01024.000000,+01536.000000
      Normal   +00000.000000,+00000.000000,+00001.000000
      TextureU +00000.000000,-00001.000000,+00000.000000
      TextureV +00001.000000,+00000.000000,+00000.000000
      Vertex   +02048.000000,+01024.000000,+01536.000000
      Vertex   +01024.000000,+01024.000000,+01536.000000
      Vertex   +02048.000000,+00000.000000,+01536.000000
   End Polygon
   Begin Polygon Item=sky Texture=DefaultTexture Flags=1073741824 Link=59
      Origin   +02048.000000,+01024.000000,+01536.000000
      Normal   +00000.000000,+00000.000000,+00001.000000
      TextureU -00000.707107,-00000.707107,+00000.000000
      TextureV +00000.707107,-00000.707107,+00000.000000
      Vertex   +02048.000000,+01024.000000,+01536.000000
      Vertex   +01024.000000,+02048.000000,+01536.000000
      Vertex   +01024.000000,+01024.000000,+01536.000000
   End Polygon
   Begin Polygon Item=sky Texture=DefaultTexture Flags=1073741824 Link=60
      Origin   +02048.000000,+02048.000000,+01536.000000
      Normal   +00000.000000,+00000.000000,+00001.000000
      TextureU +00000.000000,-00001.000000,+00000.000000
      TextureV +00001.000000,+00000.000000,+00000.000000
      Vertex   +02048.000000,+02048.000000,+01536.000000
      Vertex   +01024.000000,+02048.000000,+01536.000000
      Vertex   +02048.000000,+01024.000000,+01536.000000
   End Polygon
   Begin Polygon Item=sky Texture=DefaultTexture Flags=1073741824 Link=61
      Origin   -02048.000000,-02048.000000,-01536.000000
      Normal   -00001.000000,+00000.000000,+00000.000000
      TextureU +00000.000000,+00001.000000,+00000.000000
      TextureV +00000.000000,+00000.000000,-00001.000000
      Vertex   -02048.000000,-02048.000000,-01536.000000
      Vertex   -02048.000000,-02048.000000,+01536.000000
      Vertex   -02048.000000,-01024.000000,-01536.000000
   End Polygon
   Begin Polygon Item=sky Texture=DefaultTexture Flags=1073741824 Link=62
      Origin   -02048.000000,-01024.000000,-01536.000000
      Normal   -00001.000000,+00000.000000,+00000.000000
      TextureU +00000.000000,+00000.948683,+00000.316228
      TextureV +00000.000000,+00000.316228,-00000.948683
      Vertex   -02048.000000,-01024.000000,-01536.000000
      Vertex   -02048.000000,-02048.000000,+01536.000000
      Vertex   -02048.000000,-01024.000000,+01536.000000
   End Polygon
   Begin Polygon Item=sky Texture=DefaultTexture Flags=1073741824 Link=63
      Origin   -02048.000000,-01024.000000,-01536.000000
      Normal   -00001.000000,+00000.000000,+00000.000000
      TextureU +00000.000000,+00001.000000,+00000.000000
      TextureV +00000.000000,+00000.000000,-00001.000000
      Vertex   -02048.000000,-01024.000000,-01536.000000
      Vertex   -02048.000000,-01024.000000,+01536.000000
      Vertex   -02048.000000,+00000.000000,-01536.000000
   End Polygon
   Begin Polygon Item=sky Texture=DefaultTexture Flags=1073741824 Link=64
      Origin   -02048.000000,+02048.000000,-01536.000000
      Normal   -00001.000000,+00000.000000,+00000.000000
      TextureU +00000.000000,+00000.948683,+00000.316228
      TextureV +00000.000000,+00000.316228,-00000.948683
      Vertex   -02048.000000,+02048.000000,-01536.000000
      Vertex   -02048.000000,+01024.000000,+01536.000000
      Vertex   -02048.000000,+02048.000000,+01536.000000
   End Polygon
   Begin Polygon Texture=Bad Flags=1073741824 Link=65
      Origin   -02048.000000,+01024.000000,-01280.000000
      Normal   -00001.000000,+00000.000000,+00000.000000
      TextureU -00000.000000,+00000.996546,-00000.083045
      TextureV +00000.000000,+00000.083045,+00000.996546
      Vertex   -02048.000000,+01024.000000,-01536.000000
      Vertex   -02048.000000,+00768.000000,-01536.000000
      Vertex   -02048.000000,+01024.000000,+01536.000000
   End Polygon
   Begin Polygon Texture=Bad Flags=1073741824 Link=66
      Origin   -02048.000000,+01280.000000,-01280.000000
      Normal   -00001.000000,+00000.000000,+00000.000000
      TextureU +00000.000000,+00001.000000,+00000.000000
      TextureV +00000.000000,+00000.000000,+00001.000000
      Vertex   -02048.000000,+01280.000000,-01536.000000
      Vertex   -02048.000000,+01024.000000,-01536.000000
      Vertex   -02048.000000,+01024.000000,+01536.000000
   End Polygon
   Begin Polygon Texture=Bad Flags=1073741824 Link=67
      Origin   -02048.000000,+01536.000000,-01280.000000
      Normal   -00001.000000,+00000.000000,+00000.000000
      TextureU +00000.000000,+00000.996546,+00000.083045
      TextureV +00000.000000,-00000.083045,+00000.996546
      Vertex   -02048.000000,+01408.000000,-01536.000000
      Vertex   -02048.000000,+01280.000000,-01536.000000
      Vertex   -02048.000000,+01024.000000,+01536.000000
   End Polygon
   Begin Polygon Item=sky Texture=DefaultTexture Flags=1073741824 Link=68
      Origin   -02048.000000,+01024.000000,-01536.000000
      Normal   -00001.000000,+00000.000000,+00000.000000
      TextureU +00000.000000,+00001.000000,+00000.000000
      TextureV +00000.000000,+00000.000000,-00001.000000
      Vertex   -02048.000000,+01024.000000,+01536.000000
      Vertex   -02048.000000,+02048.000000,-01536.000000
      Vertex   -02048.000000,+01408.000000,-01536.000000
   End Polygon
   Begin Polygon Texture=Bad Flags=1073741824 Link=69
      Origin   -02048.000000,+00000.000000,+01024.000000
      Normal   -00001.000000,+00000.000000,+00000.000000
      TextureU +00000.000000,-00000.948683,+00000.316228
      TextureV +00000.000000,-00000.316228,-00000.948683
      Vertex   -02048.000000,+00000.000000,+01536.000000
      Vertex   -02048.000000,+01024.000000,+01536.000000
      Vertex   -02048.000000,+00000.000000,-01536.000000
   End Polygon
   Begin Polygon Texture=Bad Flags=1073741824 Link=70
      Origin   -02048.000000,+00768.000000,+01536.000000
      Normal   -00001.000000,+00000.000000,+00000.000000
      TextureU +00000.000000,+00000.000000,+00001.000000
      TextureV +00000.000000,-00001.000000,+00000.000000
      Vertex   -02048.000000,+01024.000000,+01536.000000
      Vertex   -02048.000000,+00768.000000,-01536.000000
      Vertex   -02048.000000,+00000.000000,-01536.000000
   End Polygon
   Begin Polygon Item=ground Texture=DefaultTexture Flags=1073741824 Link=71
      Origin   +01024.000000,+02048.000000,-01536.000000
      Normal   +00000.000000,+00000.000000,-00001.000000
      TextureU -00001.000000,+00000.000000,+00000.000000
      TextureV +00000.000000,+00001.000000,+00000.000000
      Vertex   +01024.000000,+02048.000000,-01536.000000
      Vertex   +01024.000000,+01024.000000,-01536.000000
      Vertex   +00000.000000,+01024.000000,-01536.000000
   End Polygon
   Begin Polygon Item=ground Texture=DefaultTexture Flags=1073741824 Link=72
      Origin   +00000.000000,+02048.000000,-01536.000000
      Normal   +00000.000000,+00000.000000,-00001.000000
      TextureU +00000.000000,-00001.000000,+00000.000000
      TextureV -00001.000000,+00000.000000,+00000.000000
      Vertex   +00000.000000,+02048.000000,-01536.000000
      Vertex   +01024.000000,+02048.000000,-01536.000000
      Vertex   +00000.000000,+01024.000000,-01536.000000
   End Polygon
   Begin Polygon Item=ground Texture=DefaultTexture Flags=1073741824 Link=73
      Origin   +02048.000000,+02048.000000,-01536.000000
      Normal   +00000.000000,+00000.000000,-00001.000000
      TextureU -00001.000000,+00000.000000,+00000.000000
      TextureV +00000.000000,+00001.000000,+00000.000000
      Vertex   +02048.000000,+02048.000000,-01536.000000
      Vertex   +02048.000000,+01024.000000,-01536.000000
      Vertex   +01024.000000,+01024.000000,-01536.000000
   End Polygon
   Begin Polygon Item=ground Texture=DefaultTexture Flags=1073741824 Link=74
      Origin   +01024.000000,+02048.000000,-01536.000000
      Normal   +00000.000000,+00000.000000,-00001.000000
      TextureU +00000.000000,-00001.000000,+00000.000000
      TextureV -00001.000000,+00000.000000,+00000.000000
      Vertex   +01024.000000,+02048.000000,-01536.000000
      Vertex   +02048.000000,+02048.000000,-01536.000000
      Vertex   +01024.000000,+01024.000000,-01536.000000
   End Polygon
   Begin Polygon Texture=Bad Flags=1073741824 Link=75
      Origin   +01536.000000,-01792.000000,-01536.000000
      Normal   +00000.000000,+00000.000000,-00001.000000
      TextureU +00001.000000,+00000.000000,+00000.000000
      TextureV +00000.000000,+00001.000000,+00000.000000
      Vertex   +01792.000000,-01792.000000,-01536.000000
      Vertex   +01792.000000,-02048.000000,-01536.000000
      Vertex   +01536.000000,-02048.000000,-01536.000000
      Vertex   +01536.000000,-01792.000000,-01536.000000
   End Polygon
   Begin Polygon Texture=Bad Flags=1073741824 Link=76
      Origin   +01280.000000,-01792.000000,-01536.000000
      Normal   +00000.000000,+00000.000000,-00001.000000
      TextureU +00001.000000,+00000.000000,+00000.000000
      TextureV +00000.000000,+00001.000000,+00000.000000
      Vertex   +01536.000000,-01792.000000,-01536.000000
      Vertex   +01536.000000,-02048.000000,-01536.000000
      Vertex   +01280.000000,-02048.000000,-01536.000000
      Vertex   +01280.000000,-01792.000000,-01536.000000
   End Polygon
   Begin Polygon Texture=Bad Flags=1073741824 Link=77
      Origin   +01024.000000,-01792.000000,-01536.000000
      Normal   +00000.000000,+00000.000000,-00001.000000
      TextureU +00001.000000,+00000.000000,+00000.000000
      TextureV +00000.000000,+00001.000000,+00000.000000
      Vertex   +01280.000000,-01792.000000,-01536.000000
      Vertex   +01280.000000,-02048.000000,-01536.000000
      Vertex   +01024.000000,-02048.000000,-01536.000000
      Vertex   +01024.000000,-01792.000000,-01536.000000
   End Polygon
   Begin Polygon Texture=Bad Flags=1073741824 Link=78
      Origin   +01536.000000,-01536.000000,-01536.000000
      Normal   +00000.000000,+00000.000000,-00001.000000
      TextureU +00000.970143,+00000.242536,+00000.000000
      TextureV -00000.242536,+00000.970143,+00000.000000
      Vertex   +01728.000000,-01536.000000,-01536.000000
      Vertex   +01792.000000,-01792.000000,-01536.000000
      Vertex   +01536.000000,-01792.000000,-01536.000000
      Vertex   +01472.000000,-01536.000000,-01536.000000
   End Polygon
   Begin Polygon Texture=Bad Flags=1073741824 Link=79
      Origin   +01280.000000,-01536.000000,-01536.000000
      Normal   +00000.000000,+00000.000000,-00001.000000
      TextureU +00000.970143,+00000.242536,+00000.000000
      TextureV -00000.242536,+00000.970143,+00000.000000
      Vertex   +01472.000000,-01536.000000,-01536.000000
      Vertex   +01536.000000,-01792.000000,-01536.000000
      Vertex   +01280.000000,-01792.000000,-01536.000000
      Vertex   +01216.000000,-01536.000000,-01536.000000
   End Polygon
   Begin Polygon Texture=Bad Flags=1073741824 Link=80
      Origin   +01024.000000,-01536.000000,-01536.000000
      Normal   +00000.000000,+00000.000000,-00001.000000
      TextureU +00000.970143,+00000.242536,+00000.000000
      TextureV -00000.242536,+00000.970143,+00000.000000
      Vertex   +01216.000000,-01536.000000,-01536.000000
      Vertex   +01280.000000,-01792.000000,-01536.000000
      Vertex   +01024.000000,-01792.000000,-01536.000000
      Vertex   +00960.000000,-01536.000000,-01536.000000
   End Polygon
   Begin Polygon Texture=Bad Flags=1073741824 Link=81
      Origin   +01472.000000,-01280.000000,-01536.000000
      Normal   +00000.000000,+00000.000000,-00001.000000
      TextureU +00000.936329,+00000.351123,+00000.000000
      TextureV -00000.351123,+00000.936329,+00000.000000
      Vertex   +01632.000000,-01280.000000,-01536.000000
