Begin PolyList
   Begin Polygon Texture=TC002 Link=0
      Origin   -02432.000000,+00768.000000,-01476.000000
      Normal   -00000.122269,-00000.168120,-00000.978154
      Pan      U=64 V=272
      TextureU +00000.256658,-00000.948203,+00000.130890
      TextureV +00000.951248,+00000.213551,-00000.155610
      Vertex   +01376.000000,-01280.000000,-01600.000000
      Vertex   +01472.000000,-01536.000000,-01568.000000
      Vertex   +01216.000000,-01536.000000,-01536.000000
   End Polygon
   Begin Polygon Texture=TC002 Link=1
      Origin   -02432.000000,+00768.000000,-02112.000000
      Normal   +00000.000000,-00000.242536,-00000.970142
      Pan      U=64 V=272
      TextureU +00000.240297,-00000.913600,+00000.228400
      TextureV +00000.970699,+00000.226161,-00000.056540
      Vertex   +01376.000000,-01280.000000,-01600.000000
      Vertex   +01216.000000,-01536.000000,-01536.000000
      Vertex   +01120.000000,-01280.000000,-01600.000000
   End Polygon
   Begin Polygon Texture=DefaultTexture Link=2
      Origin   -02048.000000,+00000.000000,-01536.000000
      Normal   -00001.000000,+00000.000000,+00000.000000
      TextureU +00000.000000,+00000.948683,+00000.316228
      TextureV +00000.000000,+00000.316228,-00000.948683
      Vertex   -02048.000000,+00000.000000,-01536.000000
      Vertex   -02048.000000,-01024.000000,+01536.000000
      Vertex   -02048.000000,+00000.000000,+01536.000000
   End Polygon
   Begin Polygon Texture=DefaultTexture Link=3
      Origin   -01024.000000,-02048.000000,+01536.000000
      Normal   +00000.000000,+00000.000000,+00001.000000
      TextureU -00000.707107,-00000.707107,+00000.000000
      TextureV +00000.707107,-00000.707107,+00000.000000
      Vertex   -01024.000000,-02048.000000,+01536.000000
      Vertex   -02048.000000,-01024.000000,+01536.000000
      Vertex   -02048.000000,-02048.000000,+01536.000000
   End Polygon
   Begin Polygon Texture=DefaultTexture Link=4
      Origin   -02048.000000,-02048.000000,-01536.000000
      Normal   +00000.000000,-00001.000000,+00000.000000
      TextureU +00000.000000,+00000.000000,+00001.000000
      TextureV -00001.000000,+00000.000000,+00000.000000
      Vertex   -02048.000000,-02048.000000,-01536.000000
      Vertex   -01024.000000,-02048.000000,-01536.000000
      Vertex   -01024.000000,-02048.000000,+01536.000000
   End Polygon
   Begin Polygon Texture=DefaultTexture Link=5
      Origin   +02048.000000,-02048.000000,-01536.000000
      Normal   +00001.000000,+00000.000000,+00000.000000
      TextureU +00000.000000,+00000.000000,+00001.000000
      TextureV +00000.000000,-00001.000000,+00000.000000
      Vertex   +02048.000000,-02048.000000,-01536.000000
      Vertex   +02048.000000,-01024.000000,-01536.000000
      Vertex   +02048.000000,-01024.000000,+01536.000000
   End Polygon
   Begin Polygon Texture=DefaultTexture Link=6
      Origin   -02048.000000,+02048.000000,-01536.000000
      Normal   +00000.000000,+00001.000000,+00000.000000
      TextureU +00001.000000,+00000.000000,+00000.000000
      TextureV +00000.000000,+00000.000000,-00001.000000
      Vertex   -02048.000000,+02048.000000,-01536.000000
      Vertex   -02048.000000,+02048.000000,+01536.000000
      Vertex   -01024.000000,+02048.000000,-01536.000000
   End Polygon
   Begin Polygon Texture=DefaultTexture Link=7
      Origin   -01024.000000,+02048.000000,-01536.000000
      Normal   +00000.000000,+00001.000000,+00000.000000
      TextureU +00000.948683,+00000.000000,+00000.316228
      TextureV +00000.316228,+00000.000000,-00000.948683
      Vertex   -01024.000000,+02048.000000,-01536.000000
      Vertex   -02048.000000,+02048.000000,+01536.000000
      Vertex   -01024.000000,+02048.000000,+01536.000000
   End Polygon
   Begin Polygon Texture=DefaultTexture Link=8
      Origin   -01024.000000,+02048.000000,-01536.000000
      Normal   +00000.000000,+00001.000000,+00000.000000
      TextureU +00001.000000,+00000.000000,+00000.000000
      TextureV +00000.000000,+00000.000000,-00001.000000
      Vertex   -01024.000000,+02048.000000,-01536.000000
      Vertex   -01024.000000,+02048.000000,+01536.000000
      Vertex   +00000.000000,+02048.000000,-01536.000000
   End Polygon
   Begin Polygon Texture=DefaultTexture Link=9
      Origin   +00000.000000,+02048.000000,-01536.000000
      Normal   +00000.000000,+00001.000000,+00000.000000
      TextureU +00000.948683,+00000.000000,+00000.316228
      TextureV +00000.316228,+00000.000000,-00000.948683
      Vertex   +00000.000000,+02048.000000,-01536.000000
      Vertex   -01024.000000,+02048.000000,+01536.000000
      Vertex   +00000.000000,+02048.000000,+01536.000000
   End Polygon
   Begin Polygon Texture=DefaultTexture Link=10
      Origin   +00000.000000,+02048.000000,-01536.000000
      Normal   +00000.000000,+00001.000000,+00000.000000
      TextureU +00001.000000,+00000.000000,+00000.000000
      TextureV +00000.000000,+00000.000000,-00001.000000
      Vertex   +00000.000000,+02048.000000,-01536.000000
      Vertex   +00000.000000,+02048.000000,+01536.000000
      Vertex   +01024.000000,+02048.000000,-01536.000000
   End Polygon
   Begin Polygon Texture=DefaultTexture Link=11
      Origin   +01024.000000,+02048.000000,-01536.000000
      Normal   +00000.000000,+00001.000000,+00000.000000
      TextureU +00000.948683,+00000.000000,+00000.316228
      TextureV +00000.316228,+00000.000000,-00000.948683
      Vertex   +01024.000000,+02048.000000,-01536.000000
      Vertex   +00000.000000,+02048.000000,+01536.000000
      Vertex   +01024.000000,+02048.000000,+01536.000000
   End Polygon
   Begin Polygon Texture=DefaultTexture Link=12
      Origin   +01024.000000,+02048.000000,-01536.000000
      Normal   +00000.000000,+00001.000000,+00000.000000
      TextureU +00001.000000,+00000.000000,+00000.000000
      TextureV +00000.000000,+00000.000000,-00001.000000
      Vertex   +01024.000000,+02048.000000,-01536.000000
      Vertex   +01024.000000,+02048.000000,+01536.000000
      Vertex   +02048.000000,+02048.000000,-01536.000000
   End Polygon
   Begin Polygon Texture=DefaultTexture Link=13
      Origin   +02048.000000,+02048.000000,-01536.000000
      Normal   +00000.000000,+00001.000000,+00000.000000
      TextureU +00000.948683,+00000.000000,+00000.316228
      TextureV +00000.316228,+00000.000000,-00000.948683
      Vertex   +02048.000000,+02048.000000,-01536.000000
      Vertex   +01024.000000,+02048.000000,+01536.000000
      Vertex   +02048.000000,+02048.000000,+01536.000000
   End Polygon
   Begin Polygon Texture=DefaultTexture Link=14
      Origin   +02048.000000,-02048.000000,-01536.000000
      Normal   +00001.000000,+00000.000000,+00000.000000
      TextureU +00000.000000,-00000.948683,+00000.316228
      TextureV +00000.000000,-00000.316228,-00000.948683
      Vertex   +02048.000000,-02048.000000,-01536.000000
      Vertex   +02048.000000,-01024.000000,+01536.000000
      Vertex   +02048.000000,-02048.000000,+01536.000000
   End Polygon
   Begin Polygon Texture=DefaultTexture Link=15
      Origin   +02048.000000,-01024.000000,-01536.000000
      Normal   +00001.000000,+00000.000000,+00000.000000
      TextureU +00000.000000,+00000.000000,+00001.000000
      TextureV +00000.000000,-00001.000000,+00000.000000
      Vertex   +02048.000000,-01024.000000,-01536.000000
      Vertex   +02048.000000,+00000.000000,-01536.000000
      Vertex   +02048.000000,+00000.000000,+01536.000000
   End Polygon
   Begin Polygon Texture=DefaultTexture Link=16
      Origin   +02048.000000,-01024.000000,-01536.000000
      Normal   +00001.000000,+00000.000000,+00000.000000
      TextureU +00000.000000,-00000.948683,+00000.316228
      TextureV +00000.000000,-00000.316228,-00000.948683
      Vertex   +02048.000000,-01024.000000,-01536.000000
      Vertex   +02048.000000,+00000.000000,+01536.000000
      Vertex   +02048.000000,-01024.000000,+01536.000000
   End Polygon
   Begin Polygon Texture=DefaultTexture Link=17
      Origin   +02048.000000,+00000.000000,-01536.000000
      Normal   +00001.000000,+00000.000000,+00000.000000
      TextureU +00000.000000,+00000.000000,+00001.000000
      TextureV +00000.000000,-00001.000000,+00000.000000
      Vertex   +02048.000000,+00000.000000,-01536.000000
      Vertex   +02048.000000,+01024.000000,-01536.000000
      Vertex   +02048.000000,+01024.000000,+01536.000000
   End Polygon
   Begin Polygon Texture=DefaultTexture Link=18
      Origin   +02048.000000,+00000.000000,-01536.000000
      Normal   +00001.000000,+00000.000000,+00000.000000
      TextureU +00000.000000,-00000.948683,+00000.316228
      TextureV +00000.000000,-00000.316228,-00000.948683
      Vertex   +02048.000000,+00000.000000,-01536.000000
      Vertex   +02048.000000,+01024.000000,+01536.000000
      Vertex   +02048.000000,+00000.000000,+01536.000000
   End Polygon
   Begin Polygon Texture=DefaultTexture Link=19
      Origin   +02048.000000,+01024.000000,-01536.000000
      Normal   +00001.000000,+00000.000000,+00000.000000
      TextureU +00000.000000,+00000.000000,+00001.000000
      TextureV +00000.000000,-00001.000000,+00000.000000
      Vertex   +02048.000000,+01024.000000,-01536.000000
      Vertex   +02048.000000,+02048.000000,-01536.000000
      Vertex   +02048.000000,+02048.000000,+01536.000000
   End Polygon
   Begin Polygon Texture=DefaultTexture Link=20
      Origin   +02048.000000,+01024.000000,-01536.000000
      Normal   +00001.000000,+00000.000000,+00000.000000
      TextureU +00000.000000,-00000.948683,+00000.316228
      TextureV +00000.000000,-00000.316228,-00000.948683
      Vertex   +02048.000000,+01024.000000,-01536.000000
      Vertex   +02048.000000,+02048.000000,+01536.000000
      Vertex   +02048.000000,+01024.000000,+01536.000000
   End Polygon
   Begin Polygon Texture=DefaultTexture Link=21
      Origin   -02048.000000,-02048.000000,-01536.000000
      Normal   +00000.000000,-00001.000000,+00000.000000
      TextureU -00000.948683,+00000.000000,+00000.316228
      TextureV -00000.316228,+00000.000000,-00000.948683
      Vertex   -02048.000000,-02048.000000,-01536.000000
      Vertex   -01024.000000,-02048.000000,+01536.000000
      Vertex   -02048.000000,-02048.000000,+01536.000000
   End Polygon
   Begin Polygon Texture=DefaultTexture Link=22
      Origin   -01024.000000,-02048.000000,-01536.000000
      Normal   +00000.000000,-00001.000000,+00000.000000
      TextureU +00000.000000,+00000.000000,+00001.000000
      TextureV -00001.000000,+00000.000000,+00000.000000
      Vertex   -01024.000000,-02048.000000,-01536.000000
      Vertex   +00000.000000,-02048.000000,-01536.000000
      Vertex   +00000.000000,-02048.000000,+01536.000000
   End Polygon
   Begin Polygon Texture=DefaultTexture Link=23
      Origin   -01024.000000,-02048.000000,-01536.000000
      Normal   +00000.000000,-00001.000000,+00000.000000
      TextureU -00000.948683,+00000.000000,+00000.316228
      TextureV -00000.316228,+00000.000000,-00000.948683
      Vertex   -01024.000000,-02048.000000,-01536.000000
      Vertex   +00000.000000,-02048.000000,+01536.000000
      Vertex   -01024.000000,-02048.000000,+01536.000000
   End Polygon
   Begin Polygon Texture=DefaultTexture Link=24
      Origin   +00000.000000,-02048.000000,-01536.000000
      Normal   +00000.000000,-00001.000000,+00000.000000
      TextureU +00000.000000,+00000.000000,+00001.000000
      TextureV -00001.000000,+00000.000000,+00000.000000
      Vertex   +00000.000000,-02048.000000,-01536.000000
      Vertex   +01024.000000,-02048.000000,-01536.000000
      Vertex   +01024.000000,-02048.000000,+01536.000000
   End Polygon
   Begin Polygon Texture=DefaultTexture Link=25
      Origin   +00000.000000,-02048.000000,-01536.000000
      Normal   +00000.000000,-00001.000000,+00000.000000
      TextureU -00000.948683,+00000.000000,+00000.316228
      TextureV -00000.316228,+00000.000000,-00000.948683
      Vertex   +00000.000000,-02048.000000,-01536.000000
      Vertex   +01024.000000,-02048.000000,+01536.000000
      Vertex   +00000.000000,-02048.000000,+01536.000000
   End Polygon
   Begin Polygon Texture=DefaultTexture Link=26
      Origin   +01536.000000,-02048.000000,-01536.000000
      Normal   +00000.000000,-00001.000000,+00000.000000
      TextureU -00000.986394,+00000.000000,-00000.164399
      TextureV +00000.164399,+00000.000000,-00000.986394
      Vertex   +01536.000000,-02048.000000,-01536.000000
      Vertex   +01024.000000,-02048.000000,+01536.000000
      Vertex   +01280.000000,-02048.000000,-01536.000000
   End Polygon
   Begin Polygon Texture=DefaultTexture Link=27
      Origin   +01280.000000,-02048.000000,-01536.000000
      Normal   +00000.000000,-00001.000000,+00000.000000
      TextureU -00000.996546,+00000.000000,-00000.083045
      TextureV +00000.083045,+00000.000000,-00000.996546
      Vertex   +01280.000000,-02048.000000,-01536.000000
      Vertex   +01024.000000,-02048.000000,+01536.000000
      Vertex   +01024.000000,-02048.000000,-01536.000000
   End Polygon
   Begin Polygon Texture=DefaultTexture Link=28
      Origin   +01792.000000,-02048.000000,-01536.000000
      Normal   +00000.000000,-00001.000000,+00000.000000
      TextureU -00000.970142,+00000.000000,-00000.242536
      TextureV +00000.242536,+00000.000000,-00000.970142
      Vertex   +01792.000000,-02048.000000,-01536.000000
      Vertex   +01024.000000,-02048.000000,+01536.000000
      Vertex   +01536.000000,-02048.000000,-01536.000000
   End Polygon
   Begin Polygon Texture=DefaultTexture Link=29
      Origin   +02048.000000,-02048.000000,-01536.000000
      Normal   +00000.000000,-00001.000000,+00000.000000
      TextureU -00000.948683,+00000.000000,-00000.316228
      TextureV +00000.316228,+00000.000000,-00000.948683
      Vertex   +02048.000000,-02048.000000,-01536.000000
      Vertex   +01024.000000,-02048.000000,+01536.000000
      Vertex   +01792.000000,-02048.000000,-01536.000000
   End Polygon
   Begin Polygon Texture=DefaultTexture Link=30
      Origin   +02048.000000,-02048.000000,+01536.000000
      Normal   +00000.000000,-00001.000000,+00000.000000
      TextureU +00000.000000,+00000.000000,-00001.000000
      TextureV +00001.000000,+00000.000000,+00000.000000
      Vertex   +02048.000000,-02048.000000,+01536.000000
      Vertex   +01024.000000,-02048.000000,+01536.000000
      Vertex   +02048.000000,-02048.000000,-01536.000000
   End Polygon
   Begin Polygon Texture=DefaultTexture Link=31
      Origin   -01024.000000,-01024.000000,+01536.000000
      Normal   +00000.000000,+00000.000000,+00001.000000
      TextureU +00000.000000,-00001.000000,+00000.000000
      TextureV +00001.000000,+00000.000000,+00000.000000
      Vertex   -01024.000000,-01024.000000,+01536.000000
      Vertex   -02048.000000,-01024.000000,+01536.000000
      Vertex   -01024.000000,-02048.000000,+01536.000000
   End Polygon
   Begin Polygon Texture=DefaultTexture Link=32
      Origin   -01024.000000,-01024.000000,+01536.000000
      Normal   +00000.000000,+00000.000000,+00001.000000
      TextureU -00000.707107,-00000.707107,+00000.000000
      TextureV +00000.707107,-00000.707107,+00000.000000
      Vertex   -01024.000000,-01024.000000,+01536.000000
      Vertex   -02048.000000,+00000.000000,+01536.000000
      Vertex   -02048.000000,-01024.000000,+01536.000000
   End Polygon
   Begin Polygon Texture=DefaultTexture Link=33
      Origin   -01024.000000,+00000.000000,+01536.000000
      Normal   +00000.000000,+00000.000000,+00001.000000
      TextureU +00000.000000,-00001.000000,+00000.000000
      TextureV +00001.000000,+00000.000000,+00000.000000
      Vertex   -01024.000000,+00000.000000,+01536.000000
      Vertex   -02048.000000,+00000.000000,+01536.000000
      Vertex   -01024.000000,-01024.000000,+01536.000000
   End Polygon
   Begin Polygon Texture=DefaultTexture Link=34
      Origin   -01024.000000,+00000.000000,+01536.000000
      Normal   +00000.000000,+00000.000000,+00001.000000
      TextureU -00000.707107,-00000.707107,+00000.000000
      TextureV +00000.707107,-00000.707107,+00000.000000
      Vertex   -01024.000000,+00000.000000,+01536.000000
      Vertex   -02048.000000,+01024.000000,+01536.000000
      Vertex   -02048.000000,+00000.000000,+01536.000000
   End Polygon
   Begin Polygon Texture=DefaultTexture Link=35
      Origin   -01024.000000,+01024.000000,+01536.000000
      Normal   +00000.000000,+00000.000000,+00001.000000
      TextureU +00000.000000,-00001.000000,+00000.000000
      TextureV +00001.000000,+00000.000000,+00000.000000
      Vertex   -01024.000000,+01024.000000,+01536.000000
      Vertex   -02048.000000,+01024.000000,+01536.000000
      Vertex   -01024.000000,+00000.000000,+01536.000000
   End Polygon
   Begin Polygon Texture=DefaultTexture Link=36
      Origin   -01024.000000,+01024.000000,+01536.000000
      Normal   +00000.000000,+00000.000000,+00001.000000
      TextureU -00000.707107,-00000.707107,+00000.000000
      TextureV +00000.707107,-00000.707107,+00000.000000
      Vertex   -01024.000000,+01024.000000,+01536.000000
      Vertex   -02048.000000,+02048.000000,+01536.000000
      Vertex   -02048.000000,+01024.000000,+01536.000000
   End Polygon
   Begin Polygon Texture=DefaultTexture Link=37
      Origin   -01024.000000,+02048.000000,+01536.000000
      Normal   +00000.000000,+00000.000000,+00001.000000
      TextureU +00000.000000,-00001.000000,+00000.000000
      TextureV +00001.000000,+00000.000000,+00000.000000
      Vertex   -01024.000000,+02048.000000,+01536.000000
      Vertex   -02048.000000,+02048.000000,+01536.000000
      Vertex   -01024.000000,+01024.000000,+01536.000000
   End Polygon
   Begin Polygon Texture=DefaultTexture Link=38
      Origin   +00000.000000,-02048.000000,+01536.000000
      Normal   +00000.000000,+00000.000000,+00001.000000
      TextureU -00000.707107,-00000.707107,+00000.000000
      TextureV +00000.707107,-00000.707107,+00000.000000
      Vertex   +00000.000000,-02048.000000,+01536.000000
      Vertex   -01024.000000,-01024.000000,+01536.000000
      Vertex   -01024.000000,-02048.000000,+01536.000000
   End Polygon
   Begin Polygon Texture=DefaultTexture Link=39
      Origin   +00000.000000,-01024.000000,+01536.000000
      Normal   +00000.000000,+00000.000000,+00001.000000
      TextureU +00000.000000,-00001.000000,+00000.000000
      TextureV +00001.000000,+00000.000000,+00000.000000
      Vertex   +00000.000000,-01024.000000,+01536.000000
      Vertex   -01024.000000,-01024.000000,+01536.000000
      Vertex   +00000.000000,-02048.000000,+01536.000000
   End Polygon
   Begin Polygon Texture=DefaultTexture Link=40
      Origin   +00000.000000,-01024.000000,+01536.000000
      Normal   +00000.000000,+00000.000000,+00001.000000
      TextureU -00000.707107,-00000.707107,+00000.000000
      TextureV +00000.707107,-00000.707107,+00000.000000
      Vertex   +00000.000000,-01024.000000,+01536.000000
      Vertex   -01024.000000,+00000.000000,+01536.000000
      Vertex   -01024.000000,-01024.000000,+01536.000000
   End Polygon
   Begin Polygon Texture=DefaultTexture Link=41
      Origin   +00000.000000,+00000.000000,+01536.000000
      Normal   +00000.000000,+00000.000000,+00001.000000
      TextureU +00000.000000,-00001.000000,+00000.000000
      TextureV +00001.000000,+00000.000000,+00000.000000
      Vertex   +00000.000000,+00000.000000,+01536.000000
      Vertex   -01024.000000,+00000.000000,+01536.000000
      Vertex   +00000.000000,-01024.000000,+01536.000000
   End Polygon
   Begin Polygon Texture=DefaultTexture Link=42
      Origin   +00000.000000,+00000.000000,+01536.000000
      Normal   +00000.000000,+00000.000000,+00001.000000
      TextureU -00000.707107,-00000.707107,+00000.000000
      TextureV +00000.707107,-00000.707107,+00000.000000
      Vertex   +00000.000000,+00000.000000,+01536.000000
      Vertex   -01024.000000,+01024.000000,+01536.000000
      Vertex   -01024.000000,+00000.000000,+01536.000000
   End Polygon
   Begin Polygon Texture=DefaultTexture Link=43
      Origin   +00000.000000,+01024.000000,+01536.000000
      Normal   +00000.000000,+00000.000000,+00001.000000
      TextureU +00000.000000,-00001.000000,+00000.000000
      TextureV +00001.000000,+00000.000000,+00000.000000
      Vertex   +00000.000000,+01024.000000,+01536.000000
      Vertex   -01024.000000,+01024.000000,+01536.000000
      Vertex   +00000.000000,+00000.000000,+01536.000000
   End Polygon
   Begin Polygon Texture=DefaultTexture Link=44
      Origin   +00000.000000,+01024.000000,+01536.000000
      Normal   +00000.000000,+00000.000000,+00001.000000
      TextureU -00000.707107,-00000.707107,+00000.000000
      TextureV +00000.707107,-00000.707107,+00000.000000
      Vertex   +00000.000000,+01024.000000,+01536.000000
      Vertex   -01024.000000,+02048.000000,+01536.000000
      Vertex   -01024.000000,+01024.000000,+01536.000000
   End Polygon
   Begin Polygon Texture=DefaultTexture Link=45
      Origin   +00000.000000,+02048.000000,+01536.000000
      Normal   +00000.000000,+00000.000000,+00001.000000
      TextureU +00000.000000,-00001.000000,+00000.000000
      TextureV +00001.000000,+00000.000000,+00000.000000
      Vertex   +00000.000000,+02048.000000,+01536.000000
      Vertex   -01024.000000,+02048.000000,+01536.000000
      Vertex   +00000.000000,+01024.000000,+01536.000000
   End Polygon
   Begin Polygon Texture=DefaultTexture Link=46
      Origin   +01024.000000,-02048.000000,+01536.000000
      Normal   +00000.000000,+00000.000000,+00001.000000
      TextureU -00000.707107,-00000.707107,+00000.000000
      TextureV +00000.707107,-00000.707107,+00000.000000
      Vertex   +01024.000000,-02048.000000,+01536.000000
      Vertex   +00000.000000,-01024.000000,+01536.000000
      Vertex   +00000.000000,-02048.000000,+01536.000000
   End Polygon
   Begin Polygon Texture=DefaultTexture Link=47
      Origin   +01024.000000,-01024.000000,+01536.000000
      Normal   +00000.000000,+00000.000000,+00001.000000
      TextureU +00000.000000,-00001.000000,+00000.000000
      TextureV +00001.000000,+00000.000000,+00000.000000
      Vertex   +01024.000000,-01024.000000,+01536.000000
      Vertex   +00000.000000,-01024.000000,+01536.000000
      Vertex   +01024.000000,-02048.000000,+01536.000000
   End Polygon
   Begin Polygon Texture=DefaultTexture Link=48
      Origin   +01024.000000,-01024.000000,+01536.000000
      Normal   +00000.000000,+00000.000000,+00001.000000
      TextureU -00000.707107,-00000.707107,+00000.000000
      TextureV +00000.707107,-00000.707107,+00000.000000
      Vertex   +01024.000000,-01024.000000,+01536.000000
      Vertex   +00000.000000,+00000.000000,+01536.000000
      Vertex   +00000.000000,-01024.000000,+01536.000000
   End Polygon
   Begin Polygon Texture=DefaultTexture Link=49
      Origin   +01024.000000,+00000.000000,+01536.000000
      Normal   +00000.000000,+00000.000000,+00001.000000
      TextureU +00000.000000,-00001.000000,+00000.000000
      TextureV +00001.000000,+00000.000000,+00000.000000
      Vertex   +01024.000000,+00000.000000,+01536.000000
      Vertex   +00000.000000,+00000.000000,+01536.000000
      Vertex   +01024.000000,-01024.000000,+01536.000000
   End Polygon
   Begin Polygon Texture=DefaultTexture Link=50
      Origin   +01024.000000,+00000.000000,+01536.000000
      Normal   +00000.000000,+00000.000000,+00001.000000
      TextureU -00000.707107,-00000.707107,+00000.000000
      TextureV +00000.707107,-00000.707107,+00000.000000
      Vertex   +01024.000000,+00000.000000,+01536.000000
      Vertex   +00000.000000,+01024.000000,+01536.000000
      Vertex   +00000.000000,+00000.000000,+01536.000000
   End Polygon
   Begin Polygon Texture=DefaultTexture Link=51
      Origin   +01024.000000,+01024.000000,+01536.000000
      Normal   +00000.000000,+00000.000000,+00001.000000
      TextureU +00000.000000,-00001.000000,+00000.000000
      TextureV +00001.000000,+00000.000000,+00000.000000
      Vertex   +01024.000000,+01024.000000,+01536.000000
      Vertex   +00000.000000,+01024.000000,+01536.000000
      Vertex   +01024.000000,+00000.000000,+01536.000000
   End Polygon
   Begin Polygon Texture=DefaultTexture Link=52
      Origin   +01024.000000,+01024.000000,+01536.000000
      Normal   +00000.000000,+00000.000000,+00001.000000
      TextureU -00000.707107,-00000.707107,+00000.000000
      TextureV +00000.707107,-00000.707107,+00000.000000
      Vertex   +01024.000000,+01024.000000,+01536.000000
      Vertex   +00000.000000,+02048.000000,+01536.000000
      Vertex   +00000.000000,+01024.000000,+01536.000000
   End Polygon
   Begin Polygon Texture=DefaultTexture Link=53
      Origin   +01024.000000,+02048.000000,+01536.000000
      Normal   +00000.000000,+00000.000000,+00001.000000
      TextureU +00000.000000,-00001.000000,+00000.000000
      TextureV +00001.000000,+00000.000000,+00000.000000
      Vertex   +01024.000000,+02048.000000,+01536.000000
      Vertex   +00000.000000,+02048.000000,+01536.000000
      Vertex   +01024.000000,+01024.000000,+01536.000000
   End Polygon
   Begin Polygon Texture=DefaultTexture Link=54
      Origin   +02048.000000,-02048.000000,+01536.000000
      Normal   +00000.000000,+00000.000000,+00001.000000
      TextureU -00000.707107,-00000.707107,+00000.000000
      TextureV +00000.707107,-00000.707107,+00000.000000
      Vertex   +02048.000000,-02048.000000,+01536.000000
      Vertex   +01024.000000,-01024.000000,+01536.000000
      Vertex   +01024.000000,-02048.000000,+01536.000000
   End Polygon
   Begin Polygon Texture=DefaultTexture Link=55
      Origin   +02048.000000,-01024.000000,+01536.000000
      Normal   +00000.000000,+00000.000000,+00001.000000
      TextureU +00000.000000,-00001.000000,+00000.000000
      TextureV +00001.000000,+00000.000000,+00000.000000
      Vertex   +02048.000000,-01024.000000,+01536.000000
      Vertex   +01024.000000,-01024.000000,+01536.000000
      Vertex   +02048.000000,-02048.000000,+01536.000000
   End Polygon
   Begin Polygon Texture=DefaultTexture Link=56
      Origin   +02048.000000,-01024.000000,+01536.000000
      Normal   +00000.000000,+00000.000000,+00001.000000
      TextureU -00000.707107,-00000.707107,+00000.000000
      TextureV +00000.707107,-00000.707107,+00000.000000
      Vertex   +02048.000000,-01024.000000,+01536.000000
      Vertex   +01024.000000,+00000.000000,+01536.000000
      Vertex   +01024.000000,-01024.000000,+01536.000000
   End Polygon
   Begin Polygon Texture=DefaultTexture Link=57
      Origin   +02048.000000,+00000.000000,+01536.000000
      Normal   +00000.000000,+00000.000000,+00001.000000
      TextureU +00000.000000,-00001.000000,+00000.000000
      TextureV +00001.000000,+00000.000000,+00000.000000
      Vertex   +02048.000000,+00000.000000,+01536.000000
      Vertex   +01024.000000,+00000.000000,+01536.000000
      Vertex   +02048.000000,-01024.000000,+01536.000000
   End Polygon
   Begin Polygon Texture=DefaultTexture Link=58
      Origin   +02048.000000,+00000.000000,+01536.000000
      Normal   +00000.000000,+00000.000000,+00001.000000
      TextureU -00000.707107,-00000.707107,+00000.000000
      TextureV +00000.707107,-00000.707107,+00000.000000
      Vertex   +02048.000000,+00000.000000,+01536.000000
      Vertex   +01024.000000,+01024.000000,+01536.000000
      Vertex   +01024.000000,+00000.000000,+01536.000000
   End Polygon
   Begin Polygon Texture=DefaultTexture Link=59
      Origin   +02048.000000,+01024.000000,+01536.000000
      Normal   +00000.000000,+00000.000000,+00001.000000
      TextureU +00000.000000,-00001.000000,+00000.000000
      TextureV +00001.000000,+00000.000000,+00000.000000
      Vertex   +02048.000000,+01024.000000,+01536.000000
      Vertex   +01024.000000,+01024.000000,+01536.000000
      Vertex   +02048.000000,+00000.000000,+01536.000000
   End Polygon
   Begin Polygon Texture=DefaultTexture Link=60
      Origin   +02048.000000,+01024.000000,+01536.000000
      Normal   +00000.000000,+00000.000000,+00001.000000
      TextureU -00000.707107,-00000.707107,+00000.000000
      TextureV +00000.707107,-00000.707107,+00000.000000
      Vertex   +02048.000000,+01024.000000,+01536.000000
      Vertex   +01024.000000,+02048.000000,+01536.000000
      Vertex   +01024.000000,+01024.000000,+01536.000000
   End Polygon
   Begin Polygon Texture=DefaultTexture Link=61
      Origin   +02048.000000,+02048.000000,+01536.000000
      Normal   +00000.000000,+00000.000000,+00001.000000
      TextureU +00000.000000,-00001.000000,+00000.000000
      TextureV +00001.000000,+00000.000000,+00000.000000
      Vertex   +02048.000000,+02048.000000,+01536.000000
      Vertex   +01024.000000,+02048.000000,+01536.000000
      Vertex   +02048.000000,+01024.000000,+01536.000000
   End Polygon
   Begin Polygon Texture=DefaultTexture Link=62
      Origin   -02048.000000,-02048.000000,-01536.000000
      Normal   -00001.000000,+00000.000000,+00000.000000
      TextureU +00000.000000,+00001.000000,+00000.000000
      TextureV +00000.000000,+00000.000000,-00001.000000
      Vertex   -02048.000000,-02048.000000,-01536.000000
      Vertex   -02048.000000,-02048.000000,+01536.000000
      Vertex   -02048.000000,-01024.000000,-01536.000000
   End Polygon
   Begin Polygon Texture=DefaultTexture Link=63
      Origin   -02048.000000,-01024.000000,-01536.000000
      Normal   -00001.000000,+00000.000000,+00000.000000
      TextureU +00000.000000,+00000.948683,+00000.316228
      TextureV +00000.000000,+00000.316228,-00000.948683
      Vertex   -02048.000000,-01024.000000,-01536.000000
      Vertex   -02048.000000,-02048.000000,+01536.000000
      Vertex   -02048.000000,-01024.000000,+01536.000000
   End Polygon
   Begin Polygon Texture=DefaultTexture Link=64
      Origin   -02048.000000,-01024.000000,-01536.000000
      Normal   -00001.000000,+00000.000000,+00000.000000
      TextureU +00000.000000,+00001.000000,+00000.000000
      TextureV +00000.000000,+00000.000000,-00001.000000
      Vertex   -02048.000000,-01024.000000,-01536.000000
      Vertex   -02048.000000,-01024.000000,+01536.000000
      Vertex   -02048.000000,+00000.000000,-01536.000000
   End Polygon
   Begin Polygon Texture=DefaultTexture Link=65
      Origin   -02048.000000,+02048.000000,-01536.000000
      Normal   -00001.000000,+00000.000000,+00000.000000
      TextureU +00000.000000,+00000.948683,+00000.316228
      TextureV +00000.000000,+00000.316228,-00000.948683
      Vertex   -02048.000000,+02048.000000,-01536.000000
      Vertex   -02048.000000,+01024.000000,+01536.000000
      Vertex   -02048.000000,+02048.000000,+01536.000000
   End Polygon
   Begin Polygon Texture=DefaultTexture Link=66
      Origin   -02048.000000,+01024.000000,-01536.000000
      Normal   -00001.000000,+00000.000000,+00000.000000
      TextureU +00000.000000,+00000.000000,+00001.000000
      TextureV +00000.000000,+00001.000000,+00000.000000
      Vertex   -02048.000000,+01024.000000,-01536.000000
      Vertex   -02048.000000,+00768.000000,-01536.000000
      Vertex   -02048.000000,+01024.000000,+01536.000000
   End Polygon
   Begin Polygon Texture=DefaultTexture Link=67
      Origin   -02048.000000,+01280.000000,-01536.000000
      Normal   -00001.000000,+00000.000000,+00000.000000
      TextureU +00000.000000,+00000.000000,+00001.000000
      TextureV +00000.000000,+00001.000000,+00000.000000
      Vertex   -02048.000000,+01280.000000,-01536.000000
      Vertex   -02048.000000,+01024.000000,-01536.000000
      Vertex   -02048.000000,+01024.000000,+01536.000000
   End Polygon
   Begin Polygon Texture=DefaultTexture Link=68
      Origin   -02048.000000,+01408.000000,-01536.000000
      Normal   -00001.000000,+00000.000000,+00000.000000
      TextureU +00000.000000,+00000.000000,+00001.000000
      TextureV +00000.000000,+00001.000000,+00000.000000
      Vertex   -02048.000000,+01408.000000,-01536.000000
      Vertex   -02048.000000,+01280.000000,-01536.000000
      Vertex   -02048.000000,+01024.000000,+01536.000000
   End Polygon
   Begin Polygon Texture=DefaultTexture Link=69
      Origin   -02048.000000,+01024.000000,+01536.000000
      Normal   -00001.000000,+00000.000000,+00000.000000
      TextureU +00000.000000,-00000.948683,-00000.316228
      TextureV +00000.000000,-00000.316228,+00000.948683
      Vertex   -02048.000000,+01024.000000,+01536.000000
      Vertex   -02048.000000,+02048.000000,-01536.000000
      Vertex   -02048.000000,+01408.000000,-01536.000000
   End Polygon
   Begin Polygon Texture=DefaultTexture Link=70
      Origin   -02048.000000,+00000.000000,+01536.000000
      Normal   -00001.000000,+00000.000000,+00000.000000
      TextureU +00000.000000,+00000.000000,-00001.000000
      TextureV +00000.000000,-00001.000000,+00000.000000
      Vertex   -02048.000000,+00000.000000,+01536.000000
      Vertex   -02048.000000,+01024.000000,+01536.000000
      Vertex   -02048.000000,+00000.000000,-01536.000000
   End Polygon
   Begin Polygon Texture=DefaultTexture Link=71
      Origin   -02048.000000,+01024.000000,+01536.000000
      Normal   -00001.000000,+00000.000000,+00000.000000
      TextureU +00000.000000,-00000.996546,+00000.083045
      TextureV +00000.000000,+00000.083045,+00000.996546
      Vertex   -02048.000000,+01024.000000,+01536.000000
      Vertex   -02048.000000,+00768.000000,-01536.000000
      Vertex   -02048.000000,+00000.000000,-01536.000000
   End Polygon
   Begin Polygon Texture=DefaultTexture Link=72
      Origin   +01024.000000,+02048.000000,-01536.000000
      Normal   +00000.000000,+00000.000000,-00001.000000
      TextureU -00001.000000,+00000.000000,+00000.000000
      TextureV +00000.000000,+00001.000000,+00000.000000
      Vertex   +01024.000000,+02048.000000,-01536.000000
      Vertex   +01024.000000,+01024.000000,-01536.000000
      Vertex   +00000.000000,+01024.000000,-01536.000000
   End Polygon
   Begin Polygon Texture=DefaultTexture Link=73
      Origin   +00000.000000,+02048.000000,-01536.000000
      Normal   +00000.000000,+00000.000000,-00001.000000
      TextureU +00000.000000,-00001.000000,+00000.000000
      TextureV -00001.000000,+00000.000000,+00000.000000
      Vertex   +00000.000000,+02048.000000,-01536.000000
      Vertex   +01024.000000,+02048.000000,-01536.000000
      Vertex   +00000.000000,+01024.000000,-01536.000000
   End Polygon
   Begin Polygon Texture=DefaultTexture Link=74
      Origin   +02048.000000,+02048.000000,-01536.000000
      Normal   +00000.000000,+00000.000000,-00001.000000
      TextureU -00001.000000,+00000.000000,+00000.000000
      TextureV +00000.000000,+00001.000000,+00000.000000
      Vertex   +02048.000000,+02048.000000,-01536.000000
      Vertex   +02048.000000,+01024.000000,-01536.000000
      Vertex   +01024.000000,+01024.000000,-01536.000000
   End Polygon
   Begin Polygon Texture=DefaultTexture Link=75
      Origin   +01024.000000,+02048.000000,-01536.000000
      Normal   +00000.000000,+00000.000000,-00001.000000
      TextureU +00000.000000,-00001.000000,+00000.000000
      TextureV -00001.000000,+00000.000000,+00000.000000
      Vertex   +01024.000000,+02048.000000,-01536.000000
      Vertex   +02048.000000,+02048.000000,-01536.000000
      Vertex   +01024.000000,+01024.000000,-01536.000000
   End Polygon
   Begin Polygon Texture=DefaultTexture Link=76
      Origin   +01792.000000,-01792.000000,-01536.000000
      Normal   +00000.000000,+00000.000000,-00001.000000
      TextureU -00001.000000,+00000.000000,+00000.000000
      TextureV +00000.000000,+00001.000000,+00000.000000
      Vertex   +01792.000000,-01792.000000,-01536.000000
      Vertex   +01792.000000,-02048.000000,-01536.000000
      Vertex   +01536.000000,-02048.000000,-01536.000000
   End Polygon
   Begin Polygon Texture=DefaultTexture Link=77
      Origin   +01792.000000,-01792.000000,-01536.000000
      Normal   +00000.000000,+00000.000000,-00001.000000
      TextureU -00000.707107,+00000.707107,+00000.000000
      TextureV +00000.707107,+00000.707107,+00000.000000
      Vertex   +01792.000000,-01792.000000,-01536.000000
      Vertex   +01536.000000,-02048.000000,-01536.000000
      Vertex   +01536.000000,-01792.000000,-01536.000000
   End Polygon
   Begin Polygon Texture=TC002 Link=78
      Origin   -02432.000000,+00768.000000,-01536.000000
      Normal   +00000.000000,+00000.000000,-00001.000000
      Pan      U=64 V=272
      TextureU +00000.074633,-00000.997211,+00000.000000
      TextureV +00000.997211,+00000.074633,+00000.000000
      Vertex   +01536.000000,-01792.000000,-01536.000000
      Vertex   +01536.000000,-02048.000000,-01536.000000
      Vertex   +01280.000000,-02048.000000,-01536.000000
   End Polygon
   Begin Polygon Texture=TC002 Link=79
      Origin   -02432.000000,+00768.000000,-01536.000000
      Normal   +00000.000000,+00000.000000,-00001.000000
      Pan      U=64 V=272
      TextureU +00000.074633,-00000.997211,+00000.000000
      TextureV +00000.997211,+00000.074633,+00000.000000
      Vertex   +01536.000000,-01792.000000,-01536.000000
      Vertex   +01280.000000,-02048.000000,-01536.000000
      Vertex   +01280.000000,-01792.000000,-01536.000000
   End Polygon
   Begin Polygon Texture=DefaultTexture Link=80
      Origin   +01280.000000,-01792.000000,-01536.000000
      Normal   +00000.000000,+00000.000000,-00001.000000
      TextureU -00001.000000,+00000.000000,+00000.000000
      TextureV +00000.000000,+00001.000000,+00000.000000
      Vertex   +01280.000000,-01792.000000,-01536.000000
      Vertex   +01280.000000,-02048.000000,-01536.000000
      Vertex   +01024.000000,-02048.000000,-01536.000000
   End Polygon
   Begin Polygon Texture=DefaultTexture Link=81
      Origin   +01280.000000,-01792.000000,-01536.000000
      Normal   +00000.000000,+00000.000000,-00001.000000
      TextureU -00000.707107,+00000.707107,+00000.000000
      TextureV +00000.707107,+00000.707107,+00000.000000
      Vertex   +01280.000000,-01792.000000,-01536.000000
      Vertex   +01024.000000,-02048.000000,-01536.000000
      Vertex   +01024.000000,-01792.000000,-01536.000000
   End Polygon
   Begin Polygon Texture=DefaultTexture Link=82
      Origin   +01728.000000,-01536.000000,-01536.000000
      Normal   +00000.000000,+00000.000000,-00001.000000
      TextureU -00000.970142,-00000.242536,+00000.000000
      TextureV -00000.242536,+00000.970142,+00000.000000
      Vertex   +01728.000000,-01536.000000,-01536.000000
      Vertex   +01792.000000,-01792.000000,-01536.000000
      Vertex   +01536.000000,-01792.000000,-01536.000000
   End Polygon
   Begin Polygon Texture=DefaultTexture Link=83
      Origin   +01728.000000,-01536.000000,-01536.000000
      Normal   +00000.123502,-00000.092626,-00000.988012
      TextureU -00000.790410,+00000.592807,-00000.154377
      TextureV +00000.600000,+00000.800000,+00000.000000
      Vertex   +01728.000000,-01536.000000,-01536.000000
      Vertex   +01536.000000,-01792.000000,-01536.000000
      Vertex   +01472.000000,-01536.000000,-01568.000000
   End Polygon
   Begin Polygon Texture=TC002 Link=84
      Origin   -02432.000000,+00768.000000,-01856.000000
      Normal   +00000.000000,-00000.124035,-00000.992278
      Pan      U=64 V=272
      TextureU +00000.240297,-00000.955766,+00000.119471
      TextureV +00000.970699,+00000.236600,-00000.029575
      Vertex   +01472.000000,-01536.000000,-01568.000000
      Vertex   +01536.000000,-01792.000000,-01536.000000
      Vertex   +01280.000000,-01792.000000,-01536.000000
   End Polygon
   Begin Polygon Texture=TC002 Link=85
      Origin   -02432.000000,+00768.000000,-01152.000000
      Normal   -00000.123975,-00000.030994,-00000.991801
      Pan      U=64 V=272
      TextureU +00000.240297,-00000.970699,+00000.000000
      TextureV +00000.954857,+00000.236336,-00000.126743
      Vertex   +01472.000000,-01536.000000,-01568.000000
      Vertex   +01280.000000,-01792.000000,-01536.000000
      Vertex   +01216.000000,-01536.000000,-01536.000000
   End Polygon
   Begin Polygon Texture=DefaultTexture Link=86
      Origin   +01216.000000,-01536.000000,-01536.000000
